-1.4392938100058337
-0.7043466543307791
-0.788362454376471
-0.9235710283288789
-1.315239935826002
-1.3814216468149167
-1.4110333080951816
-1.430768378529521
-1.450153942788316
-1.4595705433193558
-1.4705607090891304
-1.4769988745320166
-1.4819124926019376
-1.4845270323590405
-1.485622811518585
-1.4863521981149272
-1.4868318692141125
-1.4871443588687552
-1.4873468012800988
-1.4874763930607897
-1.4875559053807592
-1.4875982400805976
-1.4876163307360428
-1.4876205382357284
-1.4876155849222896
-1.4876046331356572
-1.4875846457434774
-1.4875620832715157
-1.4875391188504865
-1.4875160287928277
-1.4874929695806964
-1.4874661006885064
-1.4874378577542893
-1.4874109994134628
-1.4873852934693976
-1.4873601580201403
-1.4873320935338943
-1.4873029271282352
-1.4872766500666068
-1.4872513269126815
-1.4872265808206413
-1.4871987365435704
-1.4871699052250056
-1.4871425118449186
-1.4871164611646328
-1.4870911842926808
-1.4870631913873822
-1.4870338394663354
-1.4870063595941305
-1.486980159039652
-1.4869547730446893
-1.486926462507175
-1.4868971723723248
-1.4868696508454495
-1.4868434201678082
-1.486818012452714
-1.4867896864781938
-1.486760385436242
-1.4867328562011817
-1.4867066201520243
-1.486682450420144
-1.4866550283759032
-1.4866263874116226
-1.486599340168383
-1.4865734561320811
-1.486548301910989
-1.4865212841590092
-1.4864919032080433
-1.4864641099331344
-1.4864377686825783
-1.4864124002483112
-1.4863852587000264
-1.4863555816018186
-1.4863277786620783
-1.4863013435985297
-1.48627578772855
-1.4862473552380229
-1.4862180970812802
-1.4861916354310405
-1.4861661473591425
-1.4861414890895164
-1.486114866561545
-1.4860856882903422
-1.4860580437019753
-1.4860318117129807
-1.4860062853540559
-1.4859793228392255
-1.4859498098064265
-1.485921921174316
-1.485895511327336
-1.4858699746157138
-1.4858427986817644
-1.4858130981129047
-1.4857852790574966
-1.485758833262733
-1.4857332705579798
-1.4857073173287554
-1.4856785095313978
-1.4856513423217361
-1.4856252532892187
-1.4856001574409876
-1.4855732169672846
-1.48554368904292
-1.4855159964957951
-1.48548964353804
-1.485464149084988
-1.485437005065852
-1.485407448199292
-1.4853795285793772
-1.4853530971389284
-1.4853275456889985
-1.4853003604157333
-1.4852706546462544
-1.4852428328086689
-1.4852163860108538
-1.4851908235754383
-1.491078849010278
-1.4796496761706077
-1.489371264135045
-1.485836874280171
-1.4871364118841686
-1.3322391703407606
-1.3590087954020156
-1.4654416017858347
-1.4474975924992466
-1.4655736923593745
-1.4718935864621931
-1.4737814814035508
-1.4597222725388266
-1.4528487377089423
-1.454320674424868
-1.4570434921609394
-1.4791864694806913
-1.4664776819744187
-1.4768546601593497
-1.4941993436895546
-1.5107717456240548
-0.9274301783000849
-0.8527838431844924
-0.7970611086311524
-0.7728912685829823
-1.2259673049788933
-0.6223729316659687
-0.5134783003902901
-0.43740054840001696
-0.571876742093274
-0.655397204383539
-1.259591466228406
-0.9715726642951925
-0.8922305161460083
-0.8971354876588913
-0.621107330780821
-0.8306105668677092
-1.4332675812866715
-1.3063544097999853
-1.2202589831357624
-0.7608479119929481
-0.9302135099105526
-0.49442191240787503
-0.7888232553117003
-1.0214451340800144
-0.6524930750635427
-0.29541042866202716
-0.36625582485715036
-0.47374507719797565
-0.5520643288116638
-0.8425896090533023
-0.7360335170896519
-0.6672178038814476
-0.5973505648198785
-0.6158015513601858
-1.0597156969895571
-0.853199041744483
-0.6220073069635963
-0.4804407437001099
-0.44712941543425533
-1.024605489197942
-0.9274862168303275
-0.87992016034138
-0.7849038912316806
-0.9787708686597102
-1.3984747560359787
-1.2099907660210523
-0.778948249333663
-0.6925037930898457
-0.5329731649735745
-0.8897151181993359
-0.887862412413901
-0.6355778534237135
-0.45901459295252733
-0.3550857593874919
-0.3786947028630192
-0.5480215452243882
-0.5688730604113741
-0.44137224866835467
-0.23602244633715053
0.13393022457270476
0.09412471565895619
-0.004958842791744855
-0.08128580166380361
-0.18229030330753537
0.36051527325336474
0.06980933759673147
-0.19887119199993708
-0.2962836116814771
-0.9141992586980994
-1.383287635176973
-0.7805084372335863
-0.7203049660878613
-0.6522673175051308
-0.7144093588157452
-0.7679383070365464
-0.5395387995999568
-0.4618582712752606
-0.3751636853999549
-0.33242117581930053
-0.2553181788837642
-0.36579694831029474
0.04723086083537087
0.3712508426591419
0.4037860407299343
0.18724305480495862
-0.33476541336343857
-1.0320471927848474
-0.729899757082378
-0.7474772083459844
-0.32836851011500556
-0.9176921999226968
-0.9824782523375992
-0.7333139326232194
-0.4999768077327147
-0.402135728366682
-1.3926400947929958
-1.5042022134034898
-0.7920234494629739
-0.657576881971059
-0.30828293182314237
-0.1058074916415479
0.24286516668763602
-0.21694251110666263
-1.1941269045724052
-0.735083781286447
-0.11372477995055863
-0.20030840663494298
-0.3255999967333887
-0.7560866400456501
-0.9814216014239454
-0.4413029651535183
-0.15349280419810007
-0.44104214370844197
-0.5561867910146154
-0.8709732851103689
-0.8999782147666249
-1.1980035212093207
-0.9929556763238203
-0.9360446368928159
-1.0130777501353303
-1.052287183777603
-0.9897143374885139
-0.9522343412371321
-0.9497476267989764
-1.0393550247564427
-1.1135395359612987
-1.1649081480433163
-1.1295033049905596
-1.1005342260692899
-1.0207827405162726
-1.1130304436744232
-1.3012169256662087
-0.9227358490121143
-1.0160284829155932
-1.1873695904170134
-0.9475304321564293
-0.5455036979064021
-0.6336517846300636
-0.7984693118241988
-0.95956300901276
-1.020273575024714
-0.8536068441008164
-1.0427609387266124
-0.9845946102952929
-0.867221038675575
-1.16431558856786
-0.9110943130130287
-0.7771315346368317
-0.8273789809806564
-0.7194316084832033
-1.0090763865108308
-1.0535802841364799
-0.8481620968491388
-0.6386248346847851
-0.838917912302013
-1.0633531661599127
-0.6651512409192156
-0.39308314741456263
-0.19230304412107202
-0.08195123993006925
-0.590862283890174
-0.8562710585345541
-0.5450077739292603
-0.3358001369278445
-0.20551535593241255
-0.44329191192432793
-0.7600497674682258
-0.5423962530666211
-0.40118029751498296
-0.19442149538548037
-0.3596607575310409
-0.6592820009214715
-0.4336397748562191
-0.28211670308366577
-0.1600828928693412
-0.4136064594300608
-0.40639238254805
-0.39775406656964085
-0.3866351022050303
-0.33600734015978073
-0.3386821325618854
-0.37389868991728736
-0.32372842255713863
-0.26369143369480286
-0.05813601318102801
0.021247729647133173
-0.07563385960107771
-0.21305102008726706
-0.14888973233138358
-0.20027540616794637
-0.199011814390051
-0.4068461999474673
-0.4825733045122833
-0.6013135349583365
-0.625268541978045
-0.34545499105947197
-0.5335506271210804
-0.6872580403175876
-0.8193990958051767
-0.947323087274636
-0.32067226865574816
-0.3193033158979257
-0.4965979639975757
-0.689227316814754
-0.8038588610894057
-0.12280384372021347
-0.2564636779468278
-0.49343468641823296
-0.9852519368299958
-0.7878824540780952
-0.4088360061276193
0.3249083369381085
0.05950374355426735
0.28212803048809354
0.17800853955909224
-0.21290028681607653
0.5181080332834966
0.665906251198267
0.9105675252448324
0.7787501512772512
-0.6585278019185075
-0.7693070176835541
-0.5854315220335549
-0.3827616795191098
-0.037513012936646106
-0.736822605544746
-0.8513598662068036
-0.43426328045727836
-0.22878791560976097
-0.19580822142763932
-0.3399100510796389
-0.7401340658151394
-0.8514882014419785
-0.5787905981445016
-0.5991371876207756
0.058879389100561674
0.2552425783152952
0.05003874465410263
-0.24054219286638423
-0.5376390675343843
0.40400343696479135
0.12285636432233993
-0.4352960847944112
-0.34048757540367536
-0.7575133388600848
0.3569065068396404
0.31452069759864565
0.4796628235308298
-0.37611139097939184
-0.8733781356682604
-0.4474815242745187
-0.2127353448457039
0.10004665986106165
-0.1512756345900117
-0.2185909299156199
-0.8162282810828891
0.058062301161846186
0.31154277853545054
0.39193832887472535
1.0667793300884165
-0.33711880744320744
-0.4495208670165607
-0.06224017694969519
-0.5025964304560882
-0.370977301809738
-0.31870586698953396
-1.005037075724351
-0.9315228878646344
-0.6907454164910201
-0.48098818595809956
-0.4682268741243236
-0.9137495988917008
-0.9566991672788165
-0.968725409690304
-0.6560799586581263
-0.701714579663971
-1.0841930975119918
-1.2428498732310003
-1.742384837918436
-1.1967379214518457
-1.2202092124649246
-0.9159759006390922
-0.9129003581931043
-1.1389902821801496
-1.6119905896231463
-1.6485161323584734
-1.2253697058639377
-0.5647837285701391
-0.4794429562326443
-0.6235047762329371
-0.7370306694529507
-0.40306916794398795
-0.24948222413694054
-0.22440512319527173
-0.42304749634644345
-0.4610872146814078
-0.686239841605965
-0.7328574256902609
-0.7552379610517626
-0.8212329440730961
-0.2231018767984594
-0.5806798459821023
-1.3918648882127398
-1.1156288631002074
-0.8346523846999157
-0.7049046926586024
-1.1857837618263014
-1.2273793082548794
-0.9054688322501994
-0.8131842184838964
-0.5573632048553576
-0.27749170734447004
-0.3043993470822586
-0.5348995228586402
-0.2292589440192465
-0.0801328616104362
-0.6875306099123293
-0.9748954832944303
-0.772827970539427
-0.6068338278569456
-0.11259749627228466
-0.5371326450200824
-0.8323836035312677
-0.3517801964185798
-0.16947173438827612
-0.07689875986494155
-0.22499802352471043
-0.2169549818336356
-0.43238967379527293
-0.3098173358452402
-0.48200619075961487
-0.06317612405170497
-0.06059263590439029
-0.035527771421690724
-0.4093186091778285
-0.47485066723098424
-0.4538616538164528
-0.4088184531719894
-0.4760001599322998
-0.5713887565869324
-0.510739902739632
-0.1712286679370827
-0.5646246148381429
-0.3800023314455694
-0.3933849668282994
-0.3381675137776594
-0.07146431347200766
0.016739013095258937
-0.7905519536714124
-0.5987547048340501
-0.6796036458675686
-0.3187986343708211
-0.22665589697319932
-0.044053124346951966
-0.2703415299389177
-0.46349624384466753
-0.9215246929932297
-0.8552856965439155
-0.8921061188220554
-0.9523106273400963
-0.9014559418333211
-0.7812041272355756
-0.6081281578696427
-0.493010486925145
-0.6106372102566935
-0.49316884394702476
-0.27747822543527745
0.21503196014833748
0.27365804550726813
-0.42803810292886824
-0.16633650185447335
-0.3688680043278585
-1.2336632494065256
-0.9056642923949512
-0.726174030214727
-0.620669984798746
-0.667789362628552
-0.8192821308521347
-0.393554340977309
-0.3461533089125548
-0.46009429898204957
-0.211697024207385
-0.3044340372885572
-0.3876336586123543
-0.47206258156882996
-0.484172877373896
-0.21058706126331384
-0.3745743535734123
-0.3795893414902862
-0.4397516090875929
-0.5900027182338358
-0.0906697457795127
-0.9674978387416441
-0.8811481024802196
-1.2308774665686602
-1.452307672771153
-0.3839180502119326
-0.3775968792793699
-0.6351282444139361
-0.8967536999791157
-1.120182762290168
-0.35706605900819977
-0.1183095269027219
-0.26334267987740523
-0.41160251629420497
6.786758309460703
4.530586483062454
8.757928712306907
5.592458377922714
8.802281324775056
4.8936522250540015
9.843464585260788
9.933159245431726
5.570088890816387
2.478491261275935
1.0106169054896361
-1.0674360893856747
-0.06952082413575411
0.25532458460717855
0.9304861148711696
0.4152778716957801
-0.8334736531476503
-1.4683902557157564
-1.6107626980309746
-0.962216230772905
-0.2970086647189447
-1.631623818298582
-2.0666790901773835
-1.73983721918147
-1.1441428262747957
-0.6168873722640225
-1.205691704600735
-1.3038048551873365
-1.0807139527163798
-0.8110052231215379
-0.5263318240803612
-0.5932895380297927
-0.7214598637514422
-0.7071638595495298
-0.6399508847736151
-0.6810839821582642
-0.18230317001811436
-0.5890406026203934
-0.8522693958595307
-0.9392913822489248
-0.8307670666939577
0.5241115674221977
0.2729513515904136
-0.0908143765572409
-0.5335436194817729
-1.4472040788499214
-0.14461319829865799
-0.2225990548726937
-0.5641952114241324
-0.793870046609614
-0.7051949431780349
-1.240422850059697
-0.6392652879834868
-0.27127400032654014
0.07895552787203108
-0.238899381972574
-0.797057173431772
-0.8717521421145455
-0.9089170577522381
-0.16111017771828218
-0.0439634200746819
0.15972867053647155
-0.543503259590465
-0.6631747934657986
-0.47916194295788994
-0.3830982588516365
-0.00519172274256352
-1.3868000698269514
-1.534297637756871
-1.2944383300005669
-0.8187377293059752
-0.6503244449795851
-0.333744610326566
-0.690034689931806
-1.074794151613053
-1.0576298668170767
-0.5337977028244785
-0.3650512929632528
-0.3818312146701309
-0.5388330955708178
-0.6533262722942998
-1.004459403524113
-0.273436648972611
-0.08267986554009887
-0.45430555245789694
-0.5804599257585741
-0.850191889739369
-0.5340181929050827
0.04784939798701249
-0.17371644318846524
-0.3150045332504048
-0.6475578752378244
-1.0517088120489129
-1.5738162524110741
-1.0465566218274924
-0.8069234034211639
-0.5824226441056082
-0.9062275872444867
-0.9746739662005806
-0.8639077007339828
-0.7687708240932241
-0.6773342318946869
-1.0531416252475871
-1.0213576535241264
-0.6821470542480976
-0.8202101258511845
-0.3404698049765722
-0.514587570752358
-1.1062370712958787
-0.913956261576991
-0.8602045449755416
-0.6747296260306372
-1.3272323215655764
-1.4092006218020723
-0.9110706650073102
-0.7825373280543175
-0.6783303144443753
-0.7716351299664765
-0.6306694608295995
-0.40177335082145627
-0.23016873934946558
-0.07210938978640269
-0.06549112660421796
-0.11604375600779715
-0.023605443132118875
-0.7254568205338376
-0.7113807080651169
-0.1561936590064974
-0.06007021605186402
-0.43553437667184536
-0.6037277745543674
-0.7043693188051581
4.8047225591976295
2.4192297011167967
5.00475675356045
2.9528463004889107
4.355302658622766
1.9963616746031603
1.0207676717144825
1.1665766672962086
0.7511580634794095
0.9776901241421205
-0.05608732825375551
0.025614193064587898
-0.9904920132710888
-0.807227518484634
-0.9040856910286037
-2.394631485521346
-1.830591582552489
-1.1303007669657408
-0.6926828018450797
-0.5553761523959917
-0.9475607788825524
-1.0227583812671144
-0.9088427756704132
-1.0258246269699507
-0.5502738218145282
-0.9992591870203285
-0.802054505209723
-0.5742840114881078
-0.2635480182279837
-0.15236228801671725
-0.3978953000630936
-0.6759998685509876
-0.5876922225382994
-0.5301980555875669
-0.47653442189898243
-0.5774189683920419
-0.6073517051483357
-0.4749720119976706
-0.3846220188507292
-0.40663980243269915
-0.1915171550344752
-0.5266596369663006
-0.7126906052725062
-0.6595861390926361
-0.6814919539767077
-0.32978032655387635
-0.3080511381197928
-0.5871568645672356
-0.4509238109890257
-0.75167500641879
-0.2618263392512273
-0.4085583262729291
-0.731197556252257
-0.9233692761117258
-0.9968753509946693
-0.5225720428406455
-0.4356449588495681
-0.6245154448966652
-0.9684242965093848
-1.0514173456799574
-0.7160887295574598
-0.3888481524235543
-0.4764671953967765
-0.2281983043483553
-0.28120089525866243
-1.1827947898307754
-0.16755862816265266
0.09599949818622888
0.06628099437331958
0.04193753834870928
-0.8050944901130812
-0.39135214026811393
-0.1582192151107893
0.1703781792522001
0.5715029793464392
-1.206261744590745
-1.2049551799391
-0.7424167653455296
-0.33344954754092626
-0.108215089479474
-0.7206473581458184
-0.9489321338220291
-0.654645805096516
-0.44771730970919066
-0.5457811836677111
-0.5100914986979959
-1.2069739881084862
-1.4333950765022179
-0.3283778743789503
-0.6525569582549684
0.329925821928545
0.07776093736356149
0.09784268951254038
-0.4529359520849616
-0.972465249977442
0.7486382446989861
0.52054982508584
-0.37095174921115537
-0.38480321039857235
-0.9044178251789854
0.3398400736201711
0.3906326564487761
0.07383321941087262
-0.5774066910791253
-0.9170180290314223
0.11392720404784562
0.3671192632603413
0.04526110501015079
-0.2776918358867224
-0.5600560349957124
-0.36594918131482235
0.18386367921520375
0.02098576885645631
-0.11462573660287667
-0.1871799727032828
-0.41960585943994744
-0.41317796761547454
-0.4848019641157322
-0.8985768924749187
-0.5557985068727387
-1.0387757277445735
-1.0225185054608874
-0.8121886240987879
-0.6375938950202218
-0.6638156386659411
-1.1036144210423906
-0.7443670672531474
-1.1632329127896035
-0.9815661734299412
-0.7363097191026247
-0.01629445896177112
0.4562823269872458
0.7381583172566859
0.9798178485741741
1.1297929041576973
1.065842228942484
0.32710097335149646
0.31925679116527483
0.5675943963692127
0.8896409792999096
0.8863026540353536
-0.21435864892186185
-0.7946759841972231
-0.7262206284249633
-0.38828825234525155
-0.42269932900061136
-0.5851834478046367
-0.4388493703123002
-0.27579491082815366
-0.17073393585078023
-0.11012331473772186
-0.6291978612093629
-0.8183571086082493
-0.6746830339543628
-0.5497044066108989
-0.4716200570871889
-0.7635608079230289
-0.6930352602725032
-0.4227469205101624
-0.27308680400099217
-0.19425633514418106
-0.6487128681717307
-0.46607628508276644
-0.6337845277629626
-0.20052122940066885
-0.18216337705291163
-0.17059656413613755
0.020073834327643425
-0.35547404131248617
-0.7323537902979624
-0.8687942608051462
-0.12458785532696837
0.06748884473327399
-0.2055009939186574
-0.3564182075706923
-0.47423098566474975
19.584146421244085
17.703473445525795
12.194658401936959
28.246707449137656
19.06046133848668
29.14162958020622
50.92148358139648
50.06381430435103
33.99585248015193
49.643254826258655
51.609463490742726
65.49157362943978
43.51225209468465
52.819393667657124
37.25015449056074
35.59707893823425
24.465086567767063
17.265369353222077
13.617056767851212
10.364647967077163
10.264808565981447
4.13368756206508
4.822036395422531
2.8927020667271677
3.124144840726151
-0.06992762813573528
-1.5069868125224701
-1.3569500505605347
-1.5162006100517083
-0.2953386355456491
-1.1973608650644607
-1.4066620283582996
-0.6822028485972069
-0.3536342026853969
-0.25411524351066106
-0.3646194565546832
-0.5169660521445705
-0.3463720412924989
-0.18460847027896143
-0.13739917767771548
-0.3302861525166927
-0.844107755370544
-0.3221405827041872
-0.4838794505263211
-0.5584757541668024
-0.687067135626096
-0.8129703833830293
-0.7225140120469504
-0.5224847461100377
-0.8773698928250182
-0.03466963856841776
0.3584830008264219
-0.16991386781783702
-0.660929941109596
-0.7970779858139379
-0.3309131219705054
-0.4913457719359835
-0.8210267075037034
-1.0140598019314102
-1.0119961044004322
-0.7345605151431842
-0.709144166355733
-0.8171024501287336
-0.9446515159141398
-0.9760138742982689
-0.8786248063218953
-0.26186792571082584
-0.21639675251238621
-0.05279032808898476
0.47382845803550044
-0.15694080619616907
-0.6626953803642797
-0.14922515489931
0.1609166306243437
0.36181387221364236
-0.06634788691714366
-0.6599743463175765
-0.30485254383945204
-0.14709632467744704
-0.05139135320297328
-0.5168330460352939
-0.8185133355681051
-0.5009478606276812
-0.5551261433056975
-0.6284273232984887
-0.03913330465296205
-1.0686658018633093
-0.8062735356237596
-0.7466133407944309
-1.0500110521600723
0.3527618534711241
-0.7688907855103642
-0.9694585910747806
-0.6647269132450542
-0.9012133513338707
1.0386440268456587
0.21182124802270197
-0.30674102669043535
-0.9026576757931397
-1.6370286930482632
0.18403075488038922
0.5570401680363206
-0.17733830756585434
-0.8167962048394815
-1.188972518987824
0.6746771773734324
0.7180819579619833
10.784432559226971
7.244490401531613
6.539164516906851
1.0920953405922518
11.53721458222808
24.739369991198338
15.464392020722222
6.852969449885363
25.05445013066844
33.07057472115237
15.458465810672234
4.241814640792915
14.50476786208765
0.8459174348060294
14.678707032297517
9.021925855106863
6.136666505002998
4.508679092272753
3.8117666701054667
5.381375681581034
4.583220830975765
3.0552853394780417
1.6139648892871987
-1.157093441119697
-3.22774624232588
-2.16001896940627
-1.2321960462988013
0.27626924649676354
-1.4819047121149964
-1.4733502875372473
-0.9767077667480493
-0.40895923940852086
-0.018175125936675585
-0.607504806422968
-0.7939515152714467
-0.6502928543201456
-0.36341882246781676
-0.07939178041413619
-0.5254444532795821
-0.477423152812686
-0.32778293695028093
-0.11867471062672941
-0.15751244558940414
-0.05914305290425137
-0.987731968263061
-1.3767641098119574
-1.20839524062544
-1.1852757995848453
-1.1877415336280448
-1.562823929655485
-1.0521574182587576
-0.7723666826614624
-1.0184329449037324
-0.911553486102429
-0.3220827135026836
0.08753466504600138
-0.0736108753254498
-0.1725944282450977
-0.062377509227262984
0.045271777612498676
-0.05970080480788198
-0.13391144336768068
0.274627765980223
0.18843711442921407
-0.7544033037882452
-1.030067480088765
-0.6367475065255421
-0.6167285864579641
-0.40464371168484004
-0.5508439578336288
-0.4365898232048595
-0.28492430651985146
-0.21052270069177226
-0.11094983890595422
-0.24219450374338436
-0.1628345216749647
0.21656650875033767
0.03709425444684111
0.2089320532870822
0.6517275395385507
-0.11136084057101914
-0.7152714166147262
-0.6470820244095159
-0.6151867170590322
0.20491730901730598
4.214067142947009
5.239727035960778
2.5659421630103063
4.956191618473053
-2.640832606456814
-4.599612156554266
-4.178335009484696
-3.503444558015019
-1.2713552787635152
0.7934394878271931
2.98384604177809
1.1051564509618181
-1.798793954721238
0.07014612988673452
0.05547776754846989
-0.8590701787760224
0.9711275529054948
1.870984389025594
1.9025540449850133
0.4322211722966305
-0.8342943092130604
-1.2793733019795752
-1.0858477523731018
-1.0550480615257634
-0.9288951784216231
-1.3375346475486936
-0.5750960854469369
-0.027376358996868078
-0.051045379206511754
0.0005315662619143069
-0.4805499567471845
-0.16301828453470968
-0.2382909146771537
-0.3130525262688666
0.20720596928553991
-0.10549154736779265
-0.16310029693825712
-0.1586589865062944
-0.4944430694236255
0.17401091080765063
0.11692327533848701
0.04560306174681017
0.11086526819998532
-0.2856162169663321
0.22329221468268967
0.042108895125666734
-0.3861703681029638
-0.4393191569980721
-0.9622654790199238
-0.8230114580502961
0.1483527038302883
-0.20974858576791444
-0.8527988075297954
-0.8113292147566877
-0.7782106745392467
-0.2868473563974774
-0.1392154938797484
-0.4891713650230365
-1.012317187018549
-1.3466102352597855
-0.6718379806572008
-0.9881649237258512
-1.2280512217990072
-0.9544263141527662
-0.9950381130668873
-0.4047771402110203
-0.15418456919025925
0.15689479805800222
0.2889210708867571
-0.5704260434282595
-0.6468985750019947
-0.4341577186385406
-0.06729111454113657
0.00746882493460177
-0.6667641386070304
-1.2017062866603219
-0.9603345745252643
-0.7144833070845475
-0.6024633141288049
-0.4838325057353732
-1.0507367809497268
-0.970117257471351
-1.0403062405970953
-0.7410008171992608
-0.1341774834742182
-0.7031019401339416
-0.4849213563483934
-0.682186278640164
-0.451558154071102
0.9258673075709076
0.376708156210364
-0.07806108831319536
-0.39545707913411743
-0.851274006945456
0.687336787302505
0.11010589941295501
-0.4953358095948146
-0.9616043807750165
-1.316246532957321
-0.387593784767418
-0.1439262333508653
-0.3144635603171544
-0.6216319477395764
-0.9228001918533186
-0.8987483053537151
-0.25134774652265524
-0.2895170446197506
-0.29433066857705104
-0.1334237608145541
-1.3419317381767737
-0.5279579844977542
-0.06602375665298066
0.09237065174396086
0.6394501377970514
-0.677532329169038
-1.3673423937335307
-0.3669209145625256
-0.11117034995592512
0.566649730976291
-1.2652219118437165
-1.8343923910354665
-1.8961593557678338
-1.091300921157666
-0.4373585384920293
-1.1708973157669522
-1.1625997338690173
-0.8390558403550017
-0.5903598904003786
-0.4313354765440671
-0.7487471007180648
-1.0065092826609963
-1.1298928057304103
-0.8842066161453754
-0.33273393734846923
0.053258197067551194
-0.6806274925297622
-0.6852065431172782
-0.24601621636837656
-0.5307468665503441
0.5691579715850601
0.1635609304774075
-0.11346791458557792
-0.1393134773295337
-0.4816052795902692
0.8585340805837829
0.9118034039883116
0.26783445443423304
-0.4123566929098452
-0.8806845783152791
0.5474321054973912
0.8128635174628944
0.3519910036328344
-0.22835289425622263
-0.7440544575726056
-0.7871035864338538
-0.7747931831877679
-0.9494966505270837
-1.355488013267002
-1.3510411752798173
-1.5103710302401874
-0.7126808393072785
-0.8282259303126076
-0.9328036421746204
-1.0473521655671907
-0.9884739319358018
-0.5326974165836242
-0.5523087225100074
-0.6282979702047413
-0.6069972879141812
-0.6594903569976647
-0.5505020919326502
-0.43796697030670817
-0.23870412687844
-0.5766664016137795
-0.30422125676164913
-0.5864825461963896
-0.09274899213235077
0.1375106759625382
0.6671519888750705
0.7540918185210541
0.188558354278215
-1.1502277296886625
-0.9747717779594387
-0.9912922586617885
-0.7208607997043863
-1.128214829948524
-1.0621938314476322
-0.7809564610888513
-0.459359537248889
-0.18153097149679098
-0.7558634185022877
-0.9538709352223655
-0.6812995903389671
-0.4206119503441901
-0.15131065325043735
-0.4411233013787914
-0.4055024418542068
-0.3017043580179344
-0.11423134147460612
0.022334319359361032
-0.3622794181453708
-0.4964351849735573
-0.7363557046201894
-0.6648143121305754
-0.5529550491974309
-0.4258496490218935
-0.5366589912306043
-0.5900242014206825
-0.33505619146809273
-0.08525033638151491
-0.1337393594067402
-0.11393663540370014
-0.12121064901166712
-0.038211222306473225
-0.058790786818941676
-0.3633854417289779
0.01571773186730452
-0.25200140034184604
-0.4700677896600085
-0.11548811767847345
-0.04527867757564202
-0.16505946431393204
-0.3821998283089454
-0.5028180543350518
-0.6272574300389218
-0.46600506448579915
-0.7018679816365816
-0.6566878611907603
-0.7497909909698017
-0.7999058429222048
-0.15906161494644522
0.15167074239361922
-0.0035596889260318676
-0.5895901559197823
-0.6802816558155946
-0.5725623283088019
-0.00867466257834515
-0.19185345562179368
-0.24369911275778033
-0.23011627312230987
-0.5862406031264005
-0.18148237793804567
0.3257697706990621
0.5376762040479499
1.0888201772725274
0.30361557296679187
-0.11008329528042171
0.7869583695143789
1.3801655387115184
0.5378819161034025
-0.484013743655062
-0.9325264505916309
-0.6218310054317504
-0.11638597855333277
-0.09117959889440286
-1.0869674097953332
-0.8724690539307485
-0.48890762665344134
-0.22334644205738563
-0.24834185066379177
-0.504235080574789
-0.7115448116425451
-0.7168806604926843
-0.7522567214305127
-0.6971600436629046
-0.3515608172177238
-0.9376966277605767
-1.1319321205112125
-0.7912534257855057
-1.072337297693573
-0.27581189038576337
-0.5664924453839388
0.018749586389445128
-0.20211381617332513
-0.4871644130345594
0.566318107898462
0.3257458762364285
-0.39616873274981557
-0.816159630595177
-1.3002929635225584
0.09239234120468698
0.3111679932532261
-0.13609546433790687
-0.5031929297127942
-0.8919492380208824
0.10768796852081941
-0.05525704525100217
-0.4117186693610506
8.884635824141107
4.375548112332845
1.7367652860496974
6.25684660516119
3.9886609112009737
4.426658602915895
2.5540659794130347
3.761901195154584
1.3932678924665893
0.7340967058791419
0.04751619954117814
0.7215743034275199
-1.5251132813973776
1.3644819764348188
1.3253844273840105
0.28149953556124085
-0.25488324035860677
-3.5095759450082427
-2.2434655107555646
-1.916915961798571
-0.430221003793676
0.40508380192833293
-1.8212714148159321
-1.9076743682575028
-1.3729940348750418
-0.3938123541541163
0.21161009858156632
-0.662750025862529
-1.1364331228622238
-0.9769801018521012
-0.3145163044963102
-0.4921883453807432
-0.5187770492349237
-0.3832914665167211
-0.45368793877446745
-0.32019727973152
-0.21910548136981145
-0.18699921112620732
-0.2892687998178447
-0.22903475634158088
-0.24399107139551557
-0.26816372619787465
0.10389876118857622
-0.354433713839839
-0.6352210426077596
-0.7955803690611107
-0.9961743701136223
0.28447503913877625
-0.12771347815064082
-0.18412662408647407
-0.5088585883912184
-0.5761358622265274
1.2368966365337961
0.634057743439115
0.26016769275030915
-0.28262467106530087
-0.638561548600949
0.5327391345733019
0.4431415074925509
-0.10585832710997944
-0.606710252105215
-0.9307766999630538
-0.07048128176426438
-0.14768340175274952
-0.233029794585061
-0.5655304261914749
-0.6777158586299299
-0.6881290293887776
-0.18005993433171286
-0.1960155902682259
-0.10038771787094847
-0.20079101220926354
-0.030556522304847178
0.7462774061560808
0.648950446316757
0.8007369227803502
1.5653336712871604
2.260409298481051
1.9013804006462074
1.5996540931776373
2.43548154981187
1.268165283596705
1.3703183248555568
0.24083152873959435
-0.8575175110694992
-0.775346854214094
-0.5558543676677612
-0.45435429735990773
-0.770783451307171
-0.6994079177013415
-0.41627878829492637
-0.38591797459955046
-0.2699924438293504
-0.6160202281615987
-0.8572961377548669
-0.6378364072296936
-0.5332115191968541
-0.24899995316683388
-0.5594339179765662
-0.6058591981248043
-0.2543521700099687
-0.28154415147209466
-0.27403656173781865
-0.2779371193529947
-0.2588466638882787
-0.2251964979652934
-0.037937937357593654
-0.255768915579055
-0.2645103771139743
0.006191405051175991
-0.2005677298673998
-0.21857659117271933
-0.33654303279085784
0.05336170780820626
0.4467425445191451
-0.0402200769788289
-0.2841114658080851
-0.5223198990343907
-0.3829005685311464
-0.03998359316372624
-0.20334936790332758
-0.4298107927716037
-0.569055761038209
-0.13710920424277484
0.23022158321372466
-0.40582698468114087
-0.46257075805766545
-0.6838848641393076
-0.1520988436196964
0.19080024196358814
-0.24913127308710603
-0.5292547167548154
-0.6548364342567705
-0.33841264025957773
-0.12135082814973686
-0.02524565037341464
-0.2483015532442443
-0.03823627824436482
0.18407278343951283
0.8413633537117591
0.9831291592659113
0.6276574316171706
1.3273283982492279
1.2616937294980053
0.06552868422058111
0.4630321030713338
0.8256785269981028
0.9195025043704117
0.16365331966180996
-0.5986607369492418
-0.033292326667416106
0.393926396826366
0.6701847574129225
-0.2639912623461136
-0.9148026815242627
-0.38418289099244873
0.07517122842105195
0.1950713736940397
-0.3723945692243813
-0.8679771521875725
-0.6717277592165622
-0.6517825958359555
-0.438192136602332
-0.09356868475458313
-0.40399668562624136
-0.49421887808637166
-0.2931512167642447
-0.7124008890573386
0.15142808185723222
0.16893940096461613
-0.051205202957465445
-0.36993089488888
-0.5274797407615512
0.4547025348593312
0.15883418191357723
-0.3199046388201441
-1.2174258682696422
-1.0175051574063114
-0.1392336747108362
-0.41260813008682184
-0.6724802906244021
-0.9107804463264566
-1.1861956282729267
-0.20029100376034403
0.33321677463576815
-0.30162067342201704
-0.5937996988476848
-0.8119999067191768
-0.11939966714726458
0.08846772840323736
-0.33689645840521765
-0.6322805804076164
-0.896529182456379
-0.3740342201320921
-0.4041247294203165
-0.32000308148466416
0.614495699982796
-0.4494882828063895
10.473496547240455
18.50557863662528
11.096619718312759
26.541506677190036
16.320465944966585
2.836441518491913
12.746413980419337
24.926554193339737
29.8469910504751
29.288391358966653
23.216226745372687
16.90131012474709
11.471130078868836
8.64638036724454
6.411797055984502
4.070426073682938
6.9002031850974195
3.835085600254983
3.496331500599961
3.1708192817631087
0.15996809036446313
-1.9424121736333664
-0.7881900571105334
0.1948813643865357
0.6017081351735776
-0.9923912477746306
-1.2873893912423036
-1.2374951902144424
-0.8987312513896697
-0.05440098523382808
-0.8888914793698754
-1.353052666878539
-1.0191733724891163
-0.35251790802768745
-0.1719070483107803
-0.6452033115528062
-0.7192895650943081
-0.48843225022917824
-0.23563221500728027
-0.13594821039329474
0.14956801794539665
-0.7159829230808636
-0.8686725815931773
-1.0373076057966077
-1.2529737011948052
-0.17244869204066582
-0.3062636959572824
-0.4538801799235834
-0.5440110282887041
-0.6816226233409477
0.967911397788094
0.9289531724914273
0.47053530568803437
-0.20923297972927068
-0.6894125779825395
0.4267048318710014
0.7090730278101729
0.031158128298284682
-0.6123340081981969
-1.0524946352906699
-0.5796436378525349
-0.22531153783092805
-0.5232617540885411
-0.7005971870950085
-0.7574857699584889
-1.1871531528270385
-0.4264394608441817
-0.22162037421438274
-0.16503662158584698
0.19251029455166568
0.44125457974290927
0.936720063145269
1.0638743265524648
0.7126573823028126
1.066515163920469
1.1499821153643959
1.3667214148351592
0.7365322118324755
1.3352761215831137
1.0978912262464071
1.0081063547271576
0.44559263127549453
0.2098453362200896
0.19040603242999232
0.19044588979666877
0.31870278162874577
-0.2939118705218515
-0.5371772095898706
-0.5741795977722184
-0.6007711072207158
-0.6507395865429828
-0.7998581037842136
-0.8305593179905806
-0.6528215224420784
-0.20717645761689596
-0.21235776702043907
-0.540813170732088
-0.6093117561192862
-0.44937561981558893
-0.3792557497325859
-0.46972048263052635
-0.37486640238923563
0.03680179717401266
-0.18942139843012917
0.1189376802608999
0.23835022654161708
0.5852077397281814
0.49482071975659014
0.34865727060153695
0.2023439141716663
0.22435121779638223
0.49037294431457656
0.49300475517183706
0.3586484898679032
0.12976527568936058
-0.1742825612106702
-0.025395564928923253
0.4235393645777079
-0.18146157415444686
-0.43964172838011273
-0.816376506432829
-0.6908459035206695
-0.18705048902502863
-0.3134576047819211
-0.7445006010400905
-0.6080068033546939
-0.41195100648427996
-0.18479682298369404
-0.3362858062064289
-0.28769409761509146
-0.05337156216752559
0.2861253929055505
0.686836527936096
-0.2538398893276841
-0.026110747499908715
0.08585517767314199
0.13418544777250885
-0.34123978760524487
-0.40133540910628884
-0.013424277660400108
0.527213973157032
0.11019231132047658
-0.7025286043711283
-0.23867007336444068
0.20892566068184593
0.48427359113791724
-0.3784291160204134
-0.8830819858526375
-0.4452190656591224
-0.18182951183803908
-0.13120406629585624
-0.24251272597948415
-0.7403608946464288
-0.5514085115688214
-0.6963690534354186
-0.654651001068137
-0.32042825721140566
-0.5881990951830716
-0.7201384979317051
-0.6228205596069678
0.08997618452992473
0.3134096826658954
-0.07715590651997495
-0.567071437673432
-0.5743513825518685
-0.3804909593787258
0.4953560096135341
0.21366679518216447
0.02738681098545026
-0.41668420362471226
-0.8072511266658937
0.09473336852865977
-0.1613401496934168
-0.3581443770576157
-0.8786591687101276
-1.057522761891615
-0.1916062599488242
-0.2306547717197045
-0.6472116898268898
-0.9580846299345982
-1.1737727307085168
-0.30375813982674105
-0.3102850927165033
-0.5921912668423102
-0.802524983243794
-1.0038810761954102
-0.33358645732062264
-0.5250814994828259
-0.7956677982694567
-0.8892664639472767
-1.0552896387070136
10.940850821161519
12.478785119954926
6.372240940302545
16.079847585192915
8.72844224255912
19.867281986956428
23.55804202870766
28.11439255939966
15.475739432945137
10.484751294629822
8.427931296012762
3.5307169530740636
2.271706322348608
1.352395528058369
1.7239869002894181
-0.10252607975390049
2.4178868992787663
0.4715603584996071
1.9789581645314671
1.3506303644879942
-0.7700146496294691
-2.452593449594926
-1.0854325781809813
-0.19261872821242143
0.3551613053591023
-1.079611365676362
-1.3683244401720014
-0.5972022416481853
-0.38622805358883205
-0.40543661363826544
-0.5380230626499625
-0.6947887767268064
-0.5616635265233194
-0.3001056215362228
-0.10266571437842398
-0.3706369486272756
-0.610636514194498
-0.5259051706803168
-0.3348953354965838
-0.2536388240497436
0.0032710711042467366
-0.288973687975032
-0.4435221129767699
-0.5332757825461467
-0.6088271787338977
0.1230644560458245
-0.05910579000018501
-0.5305234733434627
-0.4450789325577622
-0.6313393323590706
0.8862421621861563
0.9021162795217537
0.3307073524455797
-0.0500818072461473
-0.5847356865116564
0.7600489064299096
1.2107123854764366
0.502517832819777
-0.3818895871942787
-0.9063278489513955
-0.45956307052615286
0.27044385633109247
-0.06538564594084662
-0.2172994697355186
-0.5951576153122531
-0.7988605411984357
-0.1462957204255395
-0.20338904880315756
-0.06129883321541518
0.14735103737820143
-0.8965343881882801
-0.5781858016144783
0.25775538196831627
0.7336787744164197
0.14765939786560334
-1.4336196153719143
-0.6000359335258179
0.3327439519481006
0.7350659047642205
0.6286599564842179
0.898881143387853
0.27455706330531005
0.2320329181009626
0.024067984809443388
0.1193716704302048
0.18098818736324596
-0.19680700263725903
-0.32321236973640133
-0.33813750391483843
-0.24615185717574128
-0.20639466712336763
-0.6805027692276724
-0.719847128534342
-0.6468039015578846
-0.32407536851804153
-0.12686948630315342
0.040536840488707426
-0.06798650276602025
-0.45880335237982806
0.15851329841133488
-0.22323229817548018
-0.02043976655745272
0.31219380882909675
0.259438390503675
-0.024938161423469385
-0.21367242077986548
0.35041528601077276
0.5649410062630742
0.04494939943895071
0.04794113459954419
0.057482203571268986
0.02330966596304407
-0.09678677873472519
-0.18033071254783506
0.1450253603676971
-0.12034602189795374
0.1546181077241523
0.05832314801433047
0.005379177857844475
-0.3784095572478523
-0.47935517752344836
0.166140545660729
0.513461434759102
0.07817385094154705
14.120759544236297
8.648719296409677
14.422015818567651
15.254550328699583
9.965421366012222
16.671641811833595
9.353263732775432
4.393749416448747
7.31810338382193
3.985149252483828
2.332343853729302
1.4795427488149215
3.0543762283940694
3.8464231765812427
1.6647497890836602
1.134109758900701
0.46429277582357553
-0.9944077153975774
-1.6294370679926757
-1.429547253569841
-0.6047025323431328
-0.906619479171435
-1.2913528308550166
-1.2836651258221723
-1.201667505350093
-0.5617760151977276
-0.16811403805826597
-0.6458656095883306
-1.0782341970784355
-0.9522814980397438
-0.555120953445476
-0.29288339337993197
-0.42003330310019305
-0.5559756798994036
-0.23422384599017132
0.13764460691368274
0.1025159802796205
0.16358238830901595
-0.052197665366637835
-0.3678183296633941
-0.06674637435885522
-0.13830044077610193
0.24232886738277593
0.4498172905068083
0.23453046116306409
0.04988997758875424
-0.0953049646467159
0.20036739932893566
0.03391221063802208
-0.22241982151257167
-0.35045025878620883
-0.35276458640755304
-0.09929364777462824
-0.7236021729644795
-0.12431159253015511
-0.26688575799224656
-0.447532886976153
-0.05463286389902766
-0.024296917979456545
-0.25055481563612125
-0.4019423459657252
-0.43214561779091754
-0.22001079616875474
-0.07739966496416839
-0.17971399025719337
-0.18442345637969515
-0.4259754749709521
-0.5637797143455875
-0.5879319820552039
-0.6293922805480949
-0.6339403210578145
-0.5981716289808715
-0.49794244558421596
-0.6549024405867991
-1.057549751530765
-0.8958090104891316
-0.8454785376966372
-0.8905853528373673
-1.0011113821097508
-1.1123536750200516
-1.152667057636484
-0.6738427270041984
-0.5653868429270177
-0.5925403804156778
-0.5994998228084695
-0.6098490847838
-1.124612805495734
-1.1967012614660666
-1.1998935363157561
-1.1965592464957477
-1.193047887397597
-1.1904255566157376
-1.1961630804675083
-1.1885902797731567
-1.1925301459593574
-1.1959556438296248
-1.1952906990774106
-1.198713470514643
-1.2013134127659433
-1.198945171922703
-1.197628311091442
-1.197069691737175
-1.1958114426271391
-1.1940173504571787
-1.193633901044672
-1.1936452384766292
-1.1938414735542748
-1.1955401203943814
-1.195287474410627
-1.1952345569381049
-1.1952204805252251
-1.195193610231034
-1.1951759397843296
-1.1951466323089528
-1.1949744990368434
-1.1948069685344098
-1.194662553057168
-1.1945317327161997
-1.1944077615993676
-1.1943634056205326
-1.194356398432278
-1.1943609991959254
-1.1943720254764518
-1.1943910036553331
-1.1943888746951925
-1.194371421107564
-1.1943473757631513
-1.1943182744712866
-1.194279450755996
-1.1942411023338855
-1.1942059256359459
-1.1941743735760622
-1.1941443053742269
-1.1941142052644607
-1.1940904201955396
-1.194172951939787
-1.1941566675819406
-1.1940186731587343
-1.193952146125798
-1.193926425163694
-1.1939132170332187
-1.1939027141334053
-1.193892076572796
-1.1938776978576442
-1.1938563732665086
-1.193832916353252
-1.193810038220881
-1.1937864161760052
-1.19376039918315
-1.1937352422512661
-1.1937115462075762
-1.1936889353589606
-1.1936668763662022
-1.1936421502225696
-1.1936158187661587
-1.1935901784020075
-1.193565526656275
-1.193541672865963
-1.1935137456372458
-1.1934923310745629
-1.1934767791819418
-1.1934584166783113
-1.1934371922441214
-1.1934150783934419
-1.1933867240287828
-1.19336609418213
-1.1933380022199644
-1.1933116786870968
-1.1932835123014824
-1.1932584067712289
-1.1932299641358968
-1.1932023611832456
-1.1931765897099416
-1.1931488797817766
-1.193120561452885
-1.1930944746097512
-1.1930697232492702
-1.1930460335938005
-1.1930199628890288
-1.1929929926091716
-1.192967596488804
-1.19294355550786
-1.1929202974030588
-1.1928944227102045
-1.1928676828551426
-1.1928424552132872
-1.1928185375154263
-1.1927953696873297
-1.192770692725606
-1.192744827355215
-1.192720238172358
-1.192696786647387
-1.1926739592774507
-1.1926483997251673
-1.192621890529134
-1.1926023689487617
